990
2 28
99 20
684 14
59 62
954 722
202 28
250 449
375 249
557 128
56 24
104 37
588 494
205 614
352 44
23 10
600 325
801 984
93 811
376 450
541 571
624 605
55 102
136 79
36 8
146 3
233 501
59 305
165 18
490 128
521 92
224 211
427 481
60 53
522 603
705 198
293 137
323 228
242 273
474 973
2 70
118 670
421 556
191 324
314 776
541 585
754 260
91 120
384 310
307 465
665 578
26 59
442 577
310 445
240 212
22 317
79 228
2 958
978 242
273 626
953 687
545 853
162 160
781 876
319 851
131 161
716 515
1 2
168 590
922 903
446 813
503 448
459 375
884 82
906 986
33 569
372 717
9 451
465 519
594 775
571 642
735 30
676 515
7 14
131 25
37 100
60 930
234 290
136 538
667 296
497 820
796 303
42 116
677 550
543 357
828 145
747 352
753 233
988 463
348 218
474 418
259 77
120 277
552 263
181 100
500 79
485 249
183 194
675 361
283 49
169 246
679 683
166 656
167 63
595 462
706 307
879 228
488 134
185 276
175 937
809 902
294 662
633 842
522 363
268 514
384 630
1 45
112 935
529 210
947 679
215 639
786 774
372 680
869 74
105 395
201 939
67 49
177 562
332 287
399 550
968 533
410 51
364 156
915 712
429 446
593 549
633 212
518 382
885 246
158 28
34 673
322 43
606 560
326 925
564 837
722 272
52 787
88 475
314 281
79 57
618 773
830 149
187 9
913 230
61 216
892 739
7 5
55 76
344 420
452 401
130 67
139 294
137 204
618 286
93 150
870 485
397 262
746 335
241 551
686 875
458 298
94 272
213 380
460 215
85 10
179 437
114 145
226 155
99 472
591 960
722 725
483 65
508 249
225 989
7 261
739 75
582 68
425 114
13 10
55 72
489 24
106 912
81 61
139 699
424 836
320 411
56 74
201 442
800 533
707 780
945 269
205 344
742 557
617 49
664 866
647 590
768 657
4 6
37 205
816 118
623 270
554 207
767 651
220 12
185 192
827 336
154 390
172 210
798 777
64 681
80 151
566 502
107 848
360 345
272 783
436 893
731 521
898 901
310 45
141 63
697 391
711 316
302 96
610 839
962 331
928 105
712 236
826 604
225 281
52 51
138 672
58 182
211 171
289 341
729 610
83 12
33 69
903 250
221 263
15 18
491 179
153 144
145 430
157 933
34 237
398 145
22 54
855 776
536 128
385 64
362 53
14 38
17 376
354 435
12 21
358 643
316 822
339 880
399 797
201 29
573 455
594 330
115 377
63 60
542 522
199 150
149 166
2 51
867 588
154 46
242 373
45 114
424 396
203 455
24 4
254 315
13 789
98 75
526 49
245 634
57 71
434 859
966 242
131 965
453 115
257 887
497 452
50 66
886 442
177 197
539 466
9 10
7 107
260 282
86 103
856 661
640 299
650 674
625 594
525 421
539 762
457 167
582 987
261 303
179 43
713 223
795 45
211 346
292 272
603 612
405 559
439 341
971 604
162 173
93 257
45 598
26 333
330 135
644 339
74 96
327 211
21 578
283 513
235 167
261 692
951 969
113 727
554 799
682 569
191 646
441 40
507 252
57 112
443 334
88 19
12 387
370 877
461 286
224 857
197 961
655 829
288 144
534 218
73 42
13 133
271 421
69 533
549 975
752 504
694 204
311 350
163 710
39 159
972 300
62 250
943 530
636 39
563 794
88 135
610 32
164 128
422 268
274 242
181 803
66 244
528 399
177 245
58 55
123 854
353 267
277 629
85 129
101 121
160 49
664 841
990 192
337 865
383 373
64 381
50 46
492 207
200 243
429 84
121 356
917 491
664 663
87 79
145 659
448 246
541 407
685 629
525 732
772 298
298 144
221 74
819 722
462 438
70 938
13 26
408 804
757 574
929 838
310 838
466 215
109 28
613 168
940 128
876 955
199 414
211 325
28 247
271 57
723 359
308 609
437 956
358 372
114 343
110 18
38 53
406 583
510 805
285 546
248 192
68 84
771 342
703 502
407 344
932 244
306 175
229 467
101 65
88 123
980 511
48 37
809 444
307 3
10 20
143 241
335 248
20 516
249 233
468 979
333 440
722 888
168 638
592 50
169 748
619 587
916 28
381 687
412 289
86 76
144 530
858 909
11 581
104 319
83 239
13 157
19 12
770 86
260 245
309 140
438 125
299 329
833 757
63 92
908 607
76 212
29 264
401 568
9 15
701 21
688 674
388 201
744 138
110 391
967 681
188 95
635 779
512 392
402 101
850 204
745 359
38 47
887 897
764 890
258 207
342 116
693 695
490 982
496 441
313 12
209 486
178 950
823 649
824 172
45 616
351 493
567 310
862 217
84 815
27 82
468 151
297 144
46 23
776 793
84 464
97 124
108 591
654 489
404 470
238 382
549 377
523 26
495 429
316 355
252 658
671 367
700 410
267 84
383 649
222 548
2 5
4 1
957 1
655 555
331 292
521 574
196 182
391 509
119 47
125 537
914 573
322 724
39 494
657 633
119 186
85 169
23 480
194 952
82 374
16 189
180 18
326 45
320 26
291 211
13 97
784 3
203 242
186 532
527 391
111 714
173 238
272 280
171 193
163 359
574 669
34 12
11 16
213 1
661 678
270 162
49 295
564 719
559 949
98 663
3 2
565 963
620 1
107 301
160 580
158 227
328 138
883 80
110 761
341 399
11 29
921 688
116 234
13 27
818 258
163 405
454 376
762 763
406 720
679 91
424 504
920 717
231 579
605 581
195 58
304 572
43 30
211 394
192 715
530 661
555 439
708 413
176 38
354 314
114 117
832 460
36 152
493 910
444 383
765 677
423 434
137 808
178 734
204 338
139 138
334 295
149 92
97 602
710 942
970 315
847 674
429 456
218 505
432 601
141 751
510 702
941 106
206 408
10 31
122 110
630 738
155 64
281 357
785 467
320 563
265 564
359 608
302 575
54 792
535 358
98 200
589 615
689 849
579 874
232 86
843 896
538 860
56 951
8 37
125 14
172 147
513 627
635 404
764 284
410 565
371 2
282 926
144 148
32 183
8 1
651 586
360 363
698 402
691 682
93 369
141 400
285 129
26 30
589 524
752 758
845 502
544 434
894 134
650 593
28 791
123 934
276 289
806 459
395 415
645 361
185 122
370 689
28 61
160 366
237 251
630 686
900 298
463 354
709 456
58 126
498 377
26 558
477 156
40 279
936 324
73 111
230 20
442 812
125 253
502 116
65 721
802 190
118 83
36 345
927 534
359 621
143 115
726 525
482 241
418 353
923 474
105 72
524 454
17 15
252 61
904 231
265 202
19 284
214 113
30 351
528 889
209 99
863 354
171 110
696 548
728 485
946 200
32 108
175 112
305 560
321 228
365 895
38 208
64 300
871 453
268 164
417 154
94 3
100 308
340 959
127 262
319 386
810 65
27 55
148 469
749 40
596 107
637 429
200 660
404 208
26 392
755 140
436 429
981 706
60 393
21 44
861 783
511 432
599 145
499 460
184 48
580 741
28 760
361 319
8 163
3 278
219 168
78 27
769 542
696 846
944 504
788 633
737 330
31 693
604 414
648 264
881 386
89 56
26 80
390 406
720 891
192 918
473 5
265 316
766 632
79 93
46 223
836 843
57 134
835 330
807 617
273 531
40 21
375 517
269 260
21 68
266 207
977 841
514 911
316 401
532 545
147 98
349 653
607 113
319 628
137 296
151 191
319 365
484 326
417 817
393 666
584 489
26 33
618 974
179 236
98 207
631 255
378 325
736 234
541 576
873 482
570 89
641 385
431 429
161 379
57 75
12 3
179 217
77 72
476 470
403 143
426 410
19 759
9 42
256 9
374 447
586 948
898 472
718 668
868 206
340 104
207 931
22 3
55 233
90 48
882 101
924 651
234 825
239 370
317 339
905 765
304 194
4 65
133 704
156 140
215 140
22 255
413 213
139 287
48 170
25 49
187 919
515 265
159 367
174 275
419 103
11 168
906 338
103 137
15 336
416 208
201 231
216 358
345 478
632 181
313 520
32 22
82 142
872 43
243 389
3 11
51 128
864 786
68 229
21 225
91 113
189 299
188 471
91 177
312 160
34 652
17 35
565 668
41 26
25 834
118 337
218 73
778 183
106 92
25 433
34 115
506 487
540 502
190 427
777 81
707 292
678 740
206 409
1 9
